		this.blockBottoms = {
			'C': {
				0: [
					[0,1],
					[1,1]
				],
				90: [
					[0,1],
					[1,1]
				],
				180: [
					[0,1],
					[1,1]
				],
				270: [
					[0,1],
					[1,1]
				]
			},
			'I': {
				0: [
					[0,3]
				],
				90: [
					[0,0],
					[1,0],
					[2,0],
					[3,0]
				],
				180: [
					[0,3]
				],
				270: [
					[0,0],
					[1,0],
					[2,0],
					[3,0]
				]
			},
			'L': {
				0: [
					[0,2],
					[1,2]
				],
				90: [
					[1,0],
					[2,0],
					[0,1]
				],
				180: [
					[0,0],
					[1,2]
				],
				270: [
					[0,1],
					[1,1],
					[2,1]
				]
			},
			'J': {
				0: [
					[0,2],
					[1,2]
				],
				90: [
					[0,1],
					[1,1],
					[2,1]
				],		
				180: [
					[1,0],
					[0,2]
				],
				270: [
					[0,0],
					[1,0],
					[1,1]
				]
			},
			'T': {
				0: [
					[0,0],
					[2,0],
					[1,1]
				],
				90: [
					[0,1],
					[1,2]
				],		
				180: [
					[0,1],
					[1,1],
					[2,1]
				],
				270: [
					[1,1],
					[0,2]
				]
			},
			'S': {
				0: [
					[0,1],
					[1,1]
				],
				90: [
					[0,1],
					[1,2]
				],		
				180: [
					[0,1],
					[1,1]
				],
				270: [
					[0,1],
					[1,2]
				]
			},
			'Z': {
				0: [
					[0,0],
					[1,1],
					[2,1]
				],
				90: [
					[1,1],
					[0,2]
				],		
				180: [
					[0,0],
					[1,1],
					[2,1]
				],
				270: [
					[1,1],
					[0,2]
				]
			}
		}